30
30
31
32
30
31
32
31
32
31
30
31
32
30
31
32
31
32
30
34
34
30
30
19
52
23
24
23
24
28
33
48
52
46
24
50
24
50
28
31
30
14
14
50
24
35
35
31
31
23
31
23
49
23
49
49
23
23
23
31
31
32
31
32
32
24
24
49
24
49
54
3
54
3
35
24
20
24
20
50
20
50
50
30
30
23
30
23
38
52
52
46
46
24
50
24
50
50
15
15
19
16
19
16
37
35
48
48
22
22
22
7
7
20
14
14
6
20
20
28
28
28
30
35
30
35
35
31
35
30
31
30
31
49
30
31
49
30
49
31
49
15
19
16
19
16
16
37
37
35
48
48
22
22
7
20
23
23
31
31
54
37
54
37
24
24
38
54
33
54
54
16
14
54
16
54
54
54
32
54
54
9
54
16
54
54
32
24
20
20
30
30
72
75
80
72
57
57
17
57
80
75
80
80
80
80
75
75
75
80
75
80
77
72
77
72
77
72
75
80
72
72
77
80
77
72
75
80
75
80
80
75
75
80
75
80
72
77
77
29
42
29
49
42
29
42
29
29
30
34
34
30
30
19
52
23
23
24
24
28
29
20
29
29
33
48
52
46
24
50
24
50
28
50
24
35
31
23
31
23
49
23
49
49
23
23
31
23
31
32
31
32
24
24
49
49
54
3
54
54
35
24
35
24
20
24
20
50
20
50
30
23
30
23
38
52
52
46
46
24
50
24
50
50
15
15
19
16
19
16
16
37
37
35
48
48
22
22
6
20
20
28
28
54
38
54
38
18
20
20
31
31
57
20
57
20
18
18
30
18
50
30
50
30
50
1
1
57
17
17
17
57
57
57
17
17
17
17
17
17
17
57
57
17
17
17
17
17
17
17
57
17
57
30
33
33
30
49
50
23
19
30
46
35
30
48
48
30
30
46
35
46
35
30
5
38
23
33
18
28
14
34
50
30
30
23
23
38
28
30
33
30
33
33
30
49
50
23
19
10
6
42
42
3
42
34
50
30
30
23
23
38
52
46
24
46
24
50
30
31
18
45
22
30
38
2
2
14
14
14
14
14
14
14
14
14
14
14
14
14
30
31
18
45
22
30
38
38
14
14
14
14
14
14
14
14
14
14
14
14
30
31
18
45
22
30
38
2
3
4
28
14
14
14
14
31
23
31
23
34
49
34
49
23
33
33
18
18
18
19
19
6
6
7
7
15
42
48
42
48
18
49
2
11
48
48
24
24
21
6
6
7
7
28
7
28
42
19
42
42
42
33
42
42
7
42
42
46
46
42
48
42
42
30
19
30
19
18
19
18
18
57
57
33
33
30
30
19
19
23
23
34
34
57
57
35
22
49
49
57
57
37
30
23
14
14
23
23
30
30
57
30
57
37
19
37
19
19
22
22
49
49
57
57
45
42
32
42
32
28
1
56
56
15
15
91
30
14
25
18
18
46
35
18
18
57
57
30
23
30
23
37
37
57
57
46
24
46
24
30
46
30
46
35
46
35
35
57
57
48
35
23
23
57
57
35
30
23
30
23
23
57
57
45
42
32
42
32
28
1
48
16
16
49
1
1
1
1
1
16
32
16
32
32
32
32
32
48
1
31
30
48
48
57
57
14
14
14
14
14
45
42
32
42
42
28
28
1
32
16
18
45
44
17
48
48
44
31
18
1
17
16
31
16
17
31
17
44
1
1
32
18
17
18
18
18
32
19
23
1
1
56
45
45
17
45
16
17
18
17
30
48
18
57
18
57
21
19
19
57
19
57
37
37
30
30
30
23
23
31
23
31
18
57
18
57
25
30
57
35
14
14
14
20
20
30
30
57
30
57
35
24
24
57
57
57
45
45
42
32
42
42
32
28
45
18
18
48
16
17
19
19
18
18
18
18
45
45
45
45
45
18
18
18
18
18
18
18
18
18
18
18
18
18
18
18
18
2
1
47
1
17
18
28
28
28
1
1
17
47
17
16
16
19
19
17
18
18
1
32
17
47
18
16
17
44
44
44
17
44
16
44
18
16
16
16
19
18
18
18
18
46
46
46
46
46
46
46
2
46
46
46
57
46
46
46
57
46
46
48
18
18
18
18
18
16
16
19
17
44
17
16
16
16
16
17
44
44
44
44
44
17
44
44
44
44
16
18
18
18
18
18
18
44
44
44
1
1
2
2
1
48
1
44
49
49
44
49
18
18
44
17
44
44
1
44
44
44
16
16
19
18
18
18
18
18
18
18
18
18
18
18
18
18
18
18
18
44
44
46
17
18
16
16
19
44
16
16
16
16
44
18
17
44
46
44
44
44
44
44
44
44
44
44
44
44
1
50
18
23
49
49
57
57
37
22
46
35
46
35
57
35
57
48
24
38
57
38
57
49
35
23
57
23
57
31
37
31
37
20
30
57
30
57
30
48
30
48
35
23
23
57
57
57
45
45
42
32
42
32
28
49
30
21
30
57
30
57
35
22
49
30
57
30
57
45
42
32
42
32
28
48
48
48
1
32
17
48
44
45
17
18
17
44
18
1
44
48
1
32
44
17
32
17
44
18
16
17
44
45
45
44
17
45
45
45
17
19
16
17
17
17
17
44
18
18
18
18
18
18
18
18
18
18
18
17
44
45
18
46
18
18
18
18
18
44
18
18
44
44
17
44
17
17
44
45
1
17
32
1
44
17
32
44
45
48
44
18
45
16
16
17
20
35
20
35
30
49
30
30
37
31
31
57
45
45
42
32
42
42
28
1
2
1
48
48
44
48
1
17
44
17
44
45
16
16
16
18
17
19
18
18
18
18
44
44
44
44
44
44
44
25
25
25
25
25
25
25
25
25
1
25
2
1
2
48
1
44
17
1
44
17
17
44
16
17
17
45
16
2
17
1
45
17
46
17
16
16
17
17
18
16
17
45
45
45
17
17
17
17
17
17
17
17
45
44
45
44
17
45
17
56
44
17
56
45
17
1
44
56
56
56
56
56
56
56
56
56
56
56
56
56
56
56
56
44
17
17
1
45
17
44
2
45
16
18
18
16
44
44
44
45
17
31
44
44
45
17
44
17
45
44
18
49
44
45
17
17
45
32
44
32
18
45
16
17
17
19
19
19
44
17
45
17
44
45
44
17
44
45
17
17
46
19
45
44
17
45
3
15
3
2
2
2
15
2
32
17
16
44
17
44
45
32
44
17
17
45
17
16
17
17
17
17
16
17
44
17
17
17
17
17
17
16
17
17
17
17
17
17
17
44
19
18
18
18
2
36
1
44
1
32
32
49
49
44
45
49
49
49
49
49
44
44
56
56
56
56
56
56
56
56
56
56
56
56
56
56
56
56
19
45
45
17
44
17
45
16
16
17
19
19
19
19
19
45
46
17
45
45
19
45
16
17
46
46
45
44
19
44
17
44
19
44
17
16
35
30
49
30
49
49
57
45
42
32
42
42
32
42
32
28
1
16
1
16
31
16
16
16
44
16
16
45
49
46
16
16
16
1
1
32
1
48
16
44
31
16
2
16
45
16
44
56
16
31
16
16
56
56
2
1
46
2
44
56
56
56
56
56
56
56
56
56
16
17
17
16
16
16
16
16
16
2
1
1
56
2
45
16
17
2
44
16
17
16
17
17
17
17
17
17
17
1
45
44
16
17
1
2
44
17
16
1
17
16
16
16
16
16
16
16
16
16
16
16
16
16
16
16
16
16
16
16
16
16
16
1
2
44
17
1
16
16
16
16
17
16
19
1
2
1
44
17
17
16
17
31
32
32
17
16
19
17
44
31
32
16
17
19
17
17
17
45
45
16
16
2
2
2
1
1
44
17
16
16
16
45
45
45
45
45
45
45
45
45
45
45
45
45
45
45
2
1
2
2
2
2
44
17
16
2
2
1
2
16
16
17
19
19
19
45
45
45
45
44
45
17
17
16
17
16
16
16
2
41
1
1
31
1
16
1
45
45
17
16
1
2
32
45
45
45
45
45
17
17
16
44
2
44
1
2
16
17
1
16
16
16
16
45
45
17
2
2
2
16
17
45
17
1
46
46
46
16
17
46
1
32
1
32
46
46
46
46
46
46
46
46
46
46
46
46
46
46
46
46
46
46
1
46
46
32
2
46
46
17
16
45
45
17
16
16
16
19
17
17
17
1
46
16
17
16
17
17
2
16
19
17
45
45
45
45
45
45
45
45
45
45
45
45
2
17
16
45
44
16
17
44
16
17
2
56
16
17
1
16
17
1
56
56
56
56
56
56
56
56
56
56
56
56
56
56
56
56
56
56
56
56
56
56
56
56
56
56
56
56
56
56
56
1
49
49
56
56
56
49
49
49
1
49
1
49
2
44
16
17
16
45
45
17
44
45
44
19
2
2
44
16
17
56
17
16
44
16
17
48
2
2
16
17
44
1
56
56
56
56
56
56
56
56
56
56
56
56
56
56
56
56
56
56
56
56
56
56
56
56
56
56
56
56
56
56
56
56
19
44
17
16
28
14
14
14
29
29
46
29
29
29
47
29
14
29
29
47
29
14
29
29
46
29
29
29
47
29
14
37
18
37
18
21
21
31
31
12
4
4
11
11
12
11
9
12
3
11
2
9
12
2
2
12
11
7
11
7
52
20
45
20
28
33
48
33
48
52
52
46
50
24
50
24
50
24
50
24
50
28
29
42
29
49
42
29
42
29
42
33
48
33
48
52
52
46
46
24
50
24
50
28
50
50
24
24
35
35
31
31
23
49
23
49
49
23
23
23
31
31
32
31
32
24
31
32
24
24
49
24
49
54
3
54
54
35
24
20
24
20
50
20
50
30
23
30
23
38
52
52
46
46
24
50
24
50
15
19
16
19
16
16
37
37
35
48
48
22
22
7
20
14
14
6
20
20
28
28
30
35
30
35
31
30
31
49
30
31
49
30
49
